66 80 64
100 50 23
42 52 23
20 3 67
6 33 83
65 64 91
33 6 21
96 21 90
53 42 52
87 11 37
18 20 46
55 7 34
95 25 88
72 69 43
22 44 49
57 81 54
11 10 77
70 72 45
84 61 66
39 97 55
53 8 76
18 12 64
64 84 57
40 86 22
17 11 95
74 86 88
63 13 96
33 75 67
0 29 76
86 3 82
67 23 0
54 8 52
1 30 100
12 6 88
50 95 48
72 63 48
93 66 3
20 90 44
79 16 67
13 54 61
89 86 82
54 14 46
75 96 1
7 33 26
16 51 98
31 42 91
90 73 73
49 77 38
25 5 40
99 90 35
43 41 53
43 46 32
83 91 75
98 54 36
93 37 18
5 84 4
52 75 17
64 27 6
82 69 6
84 38 35
44 37 45
62 83 17
28 89 97
100 38 76
3 66 57
8 45 67
38 98 91
14 43 76
47 42 37
82 3 66
44 22 15
4 75 77
72 37 42
9 30 15
99 17 26
94 83 28
84 74 25
70 54 79
23 64 67
58 92 16
42 52 41
62 62 6
58 50 74
61 65 91
43 29 48
91 20 62
10 60 11
17 30 61
3 52 45
43 75 15
86 35 62
67 44 66
78 20 6
93 76 95
9 47 12
64 29 37
45 29 31
70 97 43
97 27 66
93 53 20
34 1 21
98 62 19
63 14 8
68 31 18
6 31 37
80 83 74
18 45 4
79 47 64
32 8 71
54 74 58
28 57 88
56 98 7
29 58 22
100 55 87
95 62 86
98 2 53
33 3 17
89 84 81
80 83 94
85 54 74
63 24 33
78 4 60
25 91 77
62 3 41
39 35 96
16 58 83
40 93 33
41 80 55
60 81 63
88 63 97
90 48 41
3 22 57
79 64 5
91 37 82
83 28 12
11 21 35
75 23 50
37 63 49
79 50 77
94 36 44
73 95 11
78 51 50
27 54 19
85 35 39
56 78 22
5 54 24
73 70 42
25 80 54
73 9 11
94 90 42
83 43 39
83 75 36
39 10 77
83 76 100
52 28 3
45 66 59
6 78 33
75 11 50
96 86 83
61 50 85
38 91 50
19 85 91
5 81 28
90 18 76
22 92 33
73 48 72
99 56 92
57 92 85
25 12 43
51 56 4
87 84 14
46 54 37
12 0 6
13 66 14
14 87 98
6 61 16
95 70 68
24 91 47
82 19 73
82 79 23
37 70 99
8 35 15
41 47 65
87 73 99
44 39 40
39 44 53
89 27 91
6 44 30
5 17 2
0 92 34
27 89 86
29 6 77
54 11 40
67 83 51
33 1 78
84 42 35
88 61 5
35 4 62
90 64 54
86 35 84
10 34 91
95 44 86
29 50 32
3 39 80
71 70 50
88 99 52
44 54 81
5 77 13
21 48 2
65 4 55
52 29 81
88 79 74
56 51 71
44 16 8
66 71 26
39 98 23
68 45 55
3 75 83
67 5 14
47 73 93
25 20 60
84 92 31
62 19 46
67 71 29
96 36 42
61 97 89
56 93 44
48 19 26
44 86 33
63 61 19
50 29 44
5 35 25
98 65 11
70 15 77
80 51 88
56 15 44
28 54 42
45 81 82
25 22 82
2 89 53
8 29 1
7 48 30
37 97 16
34 28 30
63 28 75
92 51 94
12 10 57
4 29 88
68 77 8
43 16 15
68 74 40
66 93 5
72 3 56
50 95 28
5 3 72
98 80 7
28 10 65
66 11 37
69 81 56
95 48 54
35 89 97
35 82 71
81 14 56
23 25 100
80 70 23
53 95 94
70 27 90
77 27 49
16 60 76
74 74 51
9 10 14
11 74 16
29 26 83
39 71 0
39 20 17
55 72 72
24 83 18
75 27 92
37 13 63
31 84 47
34 87 77
30 78 99
100 60 98
2 13 27
2 64 60
44 5 36
21 18 97
87 28 55
45 80 69
83 8 39
16 4 0
81 26 57
56 78 16
89 74 61
23 17 19
73 91 87
17 84 86
38 93 9
59 20 41
68 76 90
28 28 54
95 48 57
22 78 37
83 32 22
0 61 43
75 13 74
15 17 41
43 11 18
87 38 42
61 37 98
7 28 48
47 35 31
33 51 98
96 19 96
10 0 60
75 85 66
44 46 57
66 67 94
36 44 76
93 58 100
100 29 86
35 66 57
96 59 39
26 58 10
77 45 27
67 97 93
70 24 73
12 5 42
7 83 1
86 62 59
69 93 92
58 55 15
94 44 33
81 68 100
83 51 27
31 71 79
15 58 90
12 76 88
13 60 25
1 14 87
9 76 74
81 7 1
49 90 64
2 45 21
85 70 41
4 36 36
17 53 5
15 19 26
37 36 84
7 25 64
50 3 85
35 20 40
85 31 35
59 32 2
97 90 90
85 44 97
64 8 48
92 52 76
49 3 48
92 43 41
18 84 62
86 40 27
18 33 30
38 59 100
14 97 96
22 62 74
55 79 93
56 53 18
56 66 46
42 91 42
72 5 10
58 90 63
39 17 72
1 81 57
81 70 98
8 55 35
87 100 86
62 100 19
4 66 16
6 79 1
73 23 28
83 70 18
60 16 67
68 80 98
72 52 16
94 79 53
29 83 98
15 48 11
50 13 87
58 80 70
49 74 34
75 41 26
1 52 64
51 12 49
64 56 58
85 40 35
77 37 30
78 67 4
63 92 26
96 72 81
56 30 23
48 25 78
100 24 47
70 8 29
74 78 68
48 3 94
97 73 49
35 83 88
28 53 11
23 77 4
88 22 80
87 36 4
56 77 13
29 46 29
86 46 88
44 45 34
44 43 90
17 11 83
98 64 77
20 55 2
26 65 4
62 56 60
67 61 92
13 23 22
73 87 2
43 41 89
100 65 41
30 85 1
22 96 7
96 93 18
41 16 62
77 63 94
82 20 44
66 68 63
27 77 29
66 70 40
11 43 7
24 10 15
31 53 26
49 68 91
30 51 7
2 42 42
99 29 89
42 98 89
24 60 12
39 78 93
62 93 42
52 85 92
70 93 18
83 79 45
92 28 26
92 22 79
54 84 20
85 58 3
84 28 29
29 4 62
71 0 100
12 29 2
47 3 19
86 94 28
20 19 24
61 75 78
49 48 41
44 0 57
45 63 10
56 71 36
47 33 7
1 95 96
97 72 3
13 35 32
3 19 18
30 12 63
97 4 100
56 52 54
17 88 20
38 8 77
8 0 56
75 10 13
18 24 54
93 44 27
92 6 51
97 22 35
53 87 37
7 100 87
65 70 22
34 15 43
99 87 37
32 77 7
0 91 15
88 98 13
4 61 36
31 65 82
28 20 80
76 5 64
63 29 23
15 42 62
61 64 100
31 14 63
55 79 13
24 93 53
29 4 31
46 41 31
91 56 60
21 24 6
22 66 62
46 76 71
37 44 4
63 94 70
91 14 46
62 88 64
3 96 86
33 0 21
45 97 67
90 42 54
96 65 3
10 22 22
60 58 94
55 32 60
4 78 87
69 70 10
14 88 4
1 69 39
17 11 95
55 10 61
37 100 64
60 33 97
55 49 23
34 44 20
2 68 56
77 4 6
48 95 33
5 27 69
24 58 9
45 8 97
10 90 26
44 88 34
58 22 70
91 26 71
88 90 36
31 34 63
87 86 54
49 93 69
24 23 71
19 41 89
22 14 2
68 100 60
42 97 51
73 50 27
2 39 58
73 19 24
39 77 63
37 87 89
65 38 25
10 76 71
75 29 18
68 23 37
85 3 40
40 5 52
21 97 65
12 94 90
37 54 81
27 43 71
70 5 20
96 3 83
16 49 25
87 84 81
99 44 83
12 38 99
49 65 78
2 32 48
51 58 45
35 83 49
57 3 80
86 55 49
69 54 52
95 58 41
69 14 90
72 40 73
19 61 64
10 25 96
81 87 73
24 61 33
38 49 33
98 53 41
73 6 97
69 25 67
37 31 19
63 34 45
92 3 43
5 56 97
82 43 94
12 24 97
13 43 81
87 60 92
97 73 24
25 16 39
36 93 11
83 45 66
26 35 53
24 36 97
21 92 23
31 54 26
52 22 67
93 27 0
96 95 25
39 20 54
33 66 82
16 65 28
44 95 9
29 3 74
63 14 6
81 54 98
47 17 52
74 17 12
43 95 50
98 91 38
72 57 12
79 95 10
0 80 85
71 50 91
81 28 94
44 83 92
58 43 53
9 32 82
74 81 88
55 78 51
53 62 79
0 27 47
80 1 24
21 21 22
95 100 10
93 80 64
1 47 58
6 23 92
73 91 89
61 27 49
41 33 35
38 55 34
67 83 96
41 18 19
14 92 64
77 88 60
62 39 15
75 77 51
37 64 91
64 74 32
6 67 18
54 8 49
25 78 98
22 48 2
78 13 71
72 91 6
64 67 41
36 7 39
22 28 0
51 16 37
94 90 62
14 24 66
8 5 27
57 74 11
85 9 4
81 24 50
52 58 46
25 86 93
3 88 30
68 55 32
4 74 62
88 37 48
57 12 14
10 49 49
3 96 13
100 19 0
59 18 23
76 60 85
89 87 24
86 46 33
8 92 61
14 60 58
71 17 35
36 62 87
15 16 21
61 11 36
58 80 43
19 0 52
67 96 89
17 74 8
86 28 78
49 22 49
61 43 87
82 4 35
55 91 20
7 11 99
24 41 37
60 79 25
4 69 34
61 81 47
70 66 42
41 80 90
50 2 84
99 52 4